18.5 mg g-1 dry matter -> 0.0185 g N /g Leaf
SLA = 43.7 cm2 / g-1 dry matter -> 0.00437 m2 g Leaf
0.0185/0.00437 = 4.2334

VcmaxN = 15.6 x 4.2334 = 66.04
JmaxN = 31.5 x 4.2334 = 133.35

